{
  "advancedEditorSelectedIdentifier" : "ShaderGraphEditorPluginID",
  "openSceneRelativePaths" : [
    "Scene.usda"
  ],
  "recentIdentifiers" : {
    "26DBAE76-5DD8-47B6-A085-1B4ADA111097" : [

    ]
  },
  "sceneCameraHistory" : {
    "26DBAE76-5DD8-47B6-A085-1B4ADA111097" : [
      {
        "date" : 753025246.600038,
        "title" : "Untitled",
        "transform" : [
          0.3819372,
          -1.2616155e-08,
          -0.92418826,
          0,
          -0.3088413,
          0.9425107,
          -0.12763417,
          0,
          0.8710574,
          0.33417577,
          0.35997996,
          0,
          0.13671778,
          0.037974074,
          0.051319987,
          1
        ]
      },
      {
        "date" : 753023747.541762,
        "title" : "Untitled",
        "transform" : [
          0.38193724,
          3.6210925e-09,
          -0.9241883,
          0,
          -0.30884132,
          0.9425107,
          -0.12763415,
          0,
          0.87105745,
          0.33417565,
          0.3599799,
          0,
          0.32032657,
          0.024322536,
          0.06878646,
          1
        ]
      },
      {
        "date" : 753023726.966333,
        "title" : "Untitled",
        "transform" : [
          0.6931657,
          -5.760896e-10,
          -0.7207782,
          0,
          -0.3003091,
          0.909069,
          -0.28880444,
          0,
          0.6552372,
          0.4166455,
          0.6301355,
          0,
          0.2707245,
          0.052867707,
          0.17869933,
          1
        ]
      },
      {
        "date" : 753023620.405429,
        "title" : "Untitled",
        "transform" : [
          0.80251503,
          -4.75461e-10,
          -0.59663206,
          0,
          -0.24071816,
          0.91499656,
          -0.32378396,
          0,
          0.5459163,
          0.40346155,
          0.7342984,
          0,
          0.23805949,
          0.048255093,
          0.22148034,
          1
        ]
      },
      {
        "date" : 753020404.224203,
        "title" : "Untitled",
        "transform" : [
          0.9131011,
          -6.3585803e-10,
          -0.40773347,
          0,
          -0.1351834,
          0.94343823,
          -0.30273718,
          0,
          0.3846713,
          0.3315483,
          0.8614543,
          0,
          0.18538633,
          0.023424825,
          0.27051216,
          1
        ]
      },
      {
        "date" : 753020401.772395,
        "title" : "Untitled",
        "transform" : [
          0.8723966,
          9.749725e-10,
          0.48879853,
          0,
          0.20256415,
          0.9100892,
          -0.361532,
          0,
          -0.44485027,
          0.4144123,
          0.7939588,
          0,
          -0.104578674,
          0.05211761,
          0.30731204,
          1
        ]
      },
      {
        "date" : 753020381.571951,
        "title" : "Untitled",
        "transform" : [
          0.9424461,
          1.0609549e-09,
          -0.33435783,
          0,
          -0.1421286,
          0.90515614,
          -0.40061435,
          0,
          0.3026461,
          0.4250793,
          0.8530611,
          0,
          0.16210526,
          0.055865493,
          0.2805255,
          1
        ]
      },
      {
        "date" : 753020042.534037,
        "title" : "Untitled",
        "transform" : [
          1,
          0,
          0,
          0,
          0,
          0.7071069,
          -0.70710677,
          0,
          0,
          0.70710677,
          0.7071069,
          0,
          0.059113324,
          0.16056754,
          0.2807445,
          1
        ]
      }
    ]
  },
  "sceneViewportBackgroundColors" : {

  }
}