{
  "advancedEditorSelectedIdentifier" : "ProjectBrowser",
  "openSceneRelativePaths" : [
    "ButtonChord.usda"
  ],
  "recentIdentifiers" : {
    "3A8E6A27-D666-4BB4-810C-E9D71A3B181A" : [

    ],
    "26DBAE76-5DD8-47B6-A085-1B4ADA111097" : [

    ],
    "76E667E4-609E-44C2-B435-D16420715633" : [

    ],
    "475DAB37-2CC6-4B68-8D8D-9012C7526A89" : [

    ],
    "C7F88E0E-FA20-446C-8955-12356E579A45" : [

    ]
  },
  "sceneCameraHistory" : {
    "26DBAE76-5DD8-47B6-A085-1B4ADA111097" : [
      {
        "date" : 752675774.760325,
        "title" : "Untitled",
        "transform" : [
          0.9941298,
          3.8487298e-07,
          -0.10819416,
          0,
          -0.037742455,
          0.93718344,
          -0.346789,
          0,
          0.10139763,
          0.34883684,
          0.93168205,
          0,
          0.07251407,
          0.24332297,
          0.6654413,
          1
        ]
      },
      {
        "date" : 752675767.680508,
        "title" : "Untitled",
        "transform" : [
          0.99412966,
          3.8487292e-07,
          -0.10819414,
          0,
          -0.037742455,
          0.93718344,
          -0.346789,
          0,
          0.10139762,
          0.3488368,
          0.93168193,
          0,
          0.0599317,
          0.2086913,
          0.5500457,
          1
        ]
      },
      {
        "date" : 752675752.279998,
        "title" : "Untitled",
        "transform" : [
          0.99878436,
          3.8446439e-07,
          0.049291972,
          0,
          0.023255264,
          0.88170934,
          -0.47121942,
          0,
          -0.043461375,
          0.47179294,
          0.8806375,
          0,
          -0.025800176,
          0.28160244,
          0.5254394,
          1
        ]
      },
      {
        "date" : 752675748.366187,
        "title" : "Untitled",
        "transform" : [
          0.9990077,
          3.861215e-07,
          0.04453648,
          0,
          0.01971969,
          0.8966284,
          -0.44234455,
          0,
          -0.039932843,
          0.44278386,
          0.89573866,
          0,
          0.0038628406,
          0.42638904,
          0.64915824,
          1
        ]
      },
      {
        "date" : 752675571.289343,
        "title" : "Untitled",
        "transform" : [
          1,
          0,
          0,
          0,
          0,
          0.7071069,
          -0.70710677,
          0,
          0,
          0.70710677,
          0.7071069,
          0,
          0.0998382,
          0.595247,
          0.4886859,
          1
        ]
      },
      {
        "date" : 752675512.705647,
        "title" : "Untitled",
        "transform" : [
          1,
          0,
          0,
          0,
          0,
          0.7071069,
          -0.70710677,
          0,
          0,
          0.70710677,
          0.7071069,
          0,
          0,
          0.5419664,
          0.54196644,
          1
        ]
      }
    ],
    "76E667E4-609E-44C2-B435-D16420715633" : [
      {
        "date" : 752679454.447761,
        "title" : "Untitled",
        "transform" : [
          0.99066186,
          -2.8401727e-08,
          0.13634191,
          0,
          0.06979876,
          0.8590217,
          -0.5071586,
          0,
          -0.117120646,
          0.51193917,
          0.8510001,
          0,
          0.0009965121,
          0.16386229,
          0.32527006,
          1
        ]
      },
      {
        "date" : 752679317.048648,
        "title" : "Untitled",
        "transform" : [
          0.8946852,
          -2.8401727e-08,
          -0.44669724,
          0,
          -0.22868179,
          0.8590217,
          -0.45802438,
          0,
          0.38372266,
          0.51193917,
          0.76855403,
          0,
          0.08001869,
          0.18347575,
          0.22002527,
          1
        ]
      },
      {
        "date" : 752679310.633052,
        "title" : "Untitled",
        "transform" : [
          0.8938384,
          -2.8401727e-08,
          -0.44838926,
          0,
          -0.229548,
          0.8590217,
          -0.45759088,
          0,
          0.38517615,
          0.51193917,
          0.7678266,
          0,
          0.09701011,
          0.12820642,
          0.19250128,
          1
        ]
      },
      {
        "date" : 752679305.086414,
        "title" : "Untitled",
        "transform" : [
          0.8938384,
          -2.8401727e-08,
          -0.44838926,
          0,
          -0.229548,
          0.8590217,
          -0.45759088,
          0,
          0.38517615,
          0.51193917,
          0.7678266,
          0,
          0.1734504,
          0.2292282,
          0.34418496,
          1
        ]
      },
      {
        "date" : 752678591.755176,
        "title" : "Untitled",
        "transform" : [
          0.9981258,
          1.2083223e-10,
          -0.06119525,
          0,
          -0.030636935,
          0.8656542,
          -0.499704,
          0,
          0.05297393,
          0.5006423,
          0.8640318,
          0,
          0.037216388,
          0.21191004,
          0.36177328,
          1
        ]
      },
      {
        "date" : 752678577.667709,
        "title" : "Untitled",
        "transform" : [
          0.9981258,
          1.2083223e-10,
          -0.06119525,
          0,
          -0.030636935,
          0.8656542,
          -0.499704,
          0,
          0.05297393,
          0.5006423,
          0.8640318,
          0,
          0.014793362,
          0.12632859,
          0.25842077,
          1
        ]
      },
      {
        "date" : 752678525.105866,
        "title" : "Untitled",
        "transform" : [
          0.9981258,
          -7.438492e-10,
          -0.061195258,
          0,
          -0.030636938,
          0.8656542,
          -0.49970406,
          0,
          0.05297393,
          0.50064236,
          0.8640318,
          0,
          0.014793369,
          0.12632862,
          0.25842074,
          1
        ]
      },
      {
        "date" : 752678424.468237,
        "title" : "Untitled",
        "transform" : [
          0.9981258,
          1.8494584e-10,
          -0.06119526,
          0,
          -0.030636942,
          0.8656542,
          -0.4997041,
          0,
          0.052973937,
          0.5006424,
          0.8640318,
          0,
          0.019571204,
          0.17238118,
          0.35624874,
          1
        ]
      },
      {
        "date" : 752678421.018936,
        "title" : "Untitled",
        "transform" : [
          0.99525326,
          1.8494584e-10,
          -0.09731887,
          0,
          -0.048721954,
          0.8656542,
          -0.49826598,
          0,
          0.08424449,
          0.5006424,
          0.86154515,
          0,
          0.023887457,
          0.12683322,
          0.26142395,
          1
        ]
      },
      {
        "date" : 752678204.068099,
        "title" : "Untitled",
        "transform" : [
          0.99525326,
          1.8494584e-10,
          -0.09731887,
          0,
          -0.048721954,
          0.8656542,
          -0.49826598,
          0,
          0.08424449,
          0.5006424,
          0.86154515,
          0,
          0.049753834,
          0.29567304,
          0.5088189,
          1
        ]
      }
    ],
    "475DAB37-2CC6-4B68-8D8D-9012C7526A89" : [
      {
        "date" : 752678006.981615,
        "title" : "Untitled",
        "transform" : [
          0.9833523,
          -2.8772446e-08,
          -0.18170899,
          0,
          -0.0909836,
          0.8656147,
          -0.49237496,
          0,
          0.15728998,
          0.5007106,
          0.8512042,
          0,
          0.14316654,
          0.4554825,
          0.7747725,
          1
        ]
      },
      {
        "date" : 752677997.259404,
        "title" : "Untitled",
        "transform" : [
          0.98335236,
          0,
          -0.18170896,
          0,
          -0.12848759,
          0.7071068,
          -0.695335,
          0,
          0.12848769,
          0.70710677,
          0.69533515,
          0,
          0.104015395,
          0.38217375,
          0.537795,
          1
        ]
      },
      {
        "date" : 752677995.269932,
        "title" : "Untitled",
        "transform" : [
          0.99993366,
          0,
          -0.011520179,
          0,
          -0.008145982,
          0.7071068,
          -0.70705974,
          0,
          0.008146048,
          0.70710677,
          0.7070599,
          0,
          0.014178038,
          0.49841523,
          0.7142273,
          1
        ]
      },
      {
        "date" : 752677993.36628,
        "title" : "Untitled",
        "transform" : [
          0.99993366,
          0,
          -0.011520179,
          0,
          -0.008145982,
          0.7071068,
          -0.70705974,
          0,
          0.008146048,
          0.70710677,
          0.7070599,
          0,
          -0.020122856,
          0.37783277,
          0.8352128,
          1
        ]
      },
      {
        "date" : 752677973.272496,
        "title" : "Untitled",
        "transform" : [
          0.99433196,
          0,
          -0.10632032,
          0,
          -0.07517979,
          0.7071068,
          -0.7030987,
          0,
          0.075179875,
          0.70710677,
          0.7030989,
          0,
          0.08970902,
          0.3546237,
          0.30513754,
          1
        ]
      },
      {
        "date" : 752676311.695193,
        "title" : "Untitled",
        "transform" : [
          0.9835652,
          0,
          0.18055339,
          0,
          0.1276705,
          0.7071068,
          -0.6954855,
          0,
          -0.12767048,
          0.70710677,
          0.6954857,
          0,
          -0.1874463,
          0.51219976,
          0.71552986,
          1
        ]
      },
      {
        "date" : 752676292.24253,
        "title" : "Untitled",
        "transform" : [
          0.9835652,
          0,
          0.18055339,
          0,
          0.1276705,
          0.7071068,
          -0.6954855,
          0,
          -0.12767048,
          0.70710677,
          0.6954857,
          0,
          -0.11282903,
          0.62490696,
          0.6146369,
          1
        ]
      }
    ],
    "C7F88E0E-FA20-446C-8955-12356E579A45" : [
      {
        "date" : 752679948.309974,
        "title" : "Untitled",
        "transform" : [
          1,
          0,
          -0,
          0,
          -0,
          0.7124781,
          -0.7016944,
          0,
          0,
          0.7016944,
          0.7124781,
          0,
          8.801777e-10,
          0.19143982,
          0.19520651,
          1
        ]
      },
      {
        "date" : 752679942.609608,
        "title" : "Untitled",
        "transform" : [
          1,
          0,
          -0,
          0,
          -0,
          0.71247816,
          -0.70169437,
          0,
          0,
          0.70169437,
          0.71247816,
          0,
          8.801777e-10,
          0.19143979,
          0.19520651,
          1
        ]
      },
      {
        "date" : 752679891.350082,
        "title" : "Untitled",
        "transform" : [
          1,
          0,
          -0,
          0,
          -0,
          0.71247816,
          -0.7016943,
          0,
          0,
          0.7016943,
          0.71247816,
          0,
          1.4901161e-08,
          0.19143975,
          0.1952065,
          1
        ]
      },
      {
        "date" : 752679257.35658,
        "title" : "Untitled",
        "transform" : [
          1,
          0,
          -0,
          0,
          -0,
          0.7124782,
          -0.70169425,
          0,
          0,
          0.70169425,
          0.7124782,
          0,
          0,
          0.3871636,
          0.39552552,
          1
        ]
      },
      {
        "date" : 752679246.15484,
        "title" : "Untitled",
        "transform" : [
          1,
          0,
          -0,
          0,
          -0,
          0.7071069,
          -0.7071067,
          0,
          0,
          0.7071067,
          0.7071069,
          0,
          0,
          0.38701352,
          0.38701352,
          1
        ]
      }
    ]
  },
  "sceneViewportBackgroundColors" : {

  },
  "selectedSceneRelativePath" : "ButtonChord.usda"
}